lambda	absorbtion
400	5.80E-05
401	5.85E-05
402	5.90E-05
403	5.99E-05
404	6.10E-05
405	6.20E-05
406	6.30E-05
407	6.40E-05
408	6.50E-05
409	6.60E-05
410	6.70E-05
411	6.79E-05
412	6.90E-05
413	7.05E-05
414	7.20E-05
415	7.31E-05
416	7.40E-05
417	7.49E-05
418	7.60E-05
419	7.74E-05
420	7.90E-05
421	8.06E-05
422	8.20E-05
423	8.30E-05
424	8.40E-05
425	8.55E-05
426	8.70E-05
427	8.80E-05
428	8.90E-05
429	9.05E-05
430	9.20E-05
431	9.30E-05
432	9.40E-05
433	9.55E-05
434	9.70E-05
435	9.80E-05
436	9.90E-05
437	1.01E-04
438	1.02E-04
439	1.03E-04
440	1.04E-04
441	1.05E-04
442	1.06E-04
443	1.07E-04
444	1.08E-04
445	1.09E-04
446	1.10E-04
447	1.11E-04
448	1.12E-04
449	1.13E-04
450	1.14E-04
451	1.15E-04
452	1.16E-04
453	1.17E-04
454	1.18E-04
455	1.19E-04
456	1.20E-04
457	1.21E-04
458	1.22E-04
459	1.23E-04
460	1.24E-04
461	1.25E-04
462	1.26E-04
463	1.27E-04
464	1.28E-04
465	1.29E-04
466	1.30E-04
467	1.31E-04
468	1.33E-04
469	1.34E-04
470	1.35E-04
471	1.36E-04
472	1.38E-04
473	1.40E-04
474	1.41E-04
475	1.42E-04
476	1.44E-04
477	1.46E-04
478	1.48E-04
479	1.50E-04
480	1.52E-04
481	1.54E-04
482	1.57E-04
483	1.60E-04
484	1.62E-04
485	1.64E-04
486	1.67E-04
487	1.70E-04
488	1.74E-04
489	1.78E-04
490	1.81E-04
491	1.85E-04
492	1.89E-04
493	1.93E-04
494	1.98E-04
495	2.03E-04
496	2.09E-04
497	2.16E-04
498	2.23E-04
499	2.30E-04
500	2.38E-04
501	2.46E-04
502	2.55E-04
503	2.64E-04
504	2.73E-04
505	2.82E-04
506	2.91E-04
507	3.00E-04
508	3.10E-04
509	3.19E-04
510	3.29E-04
511	3.39E-04
512	3.49E-04
513	3.59E-04
514	3.68E-04
515	3.77E-04
516	3.86E-04
517	3.96E-04
518	4.04E-04
519	4.07E-04
520	4.09E-04
521	4.14E-04
522	4.16E-04
523	4.11E-04
524	4.09E-04
525	4.18E-04
526	4.27E-04
527	4.27E-04
528	4.23E-04
529	4.24E-04
530	4.29E-04
531	4.37E-04
532	4.45E-04
533	4.51E-04
534	4.56E-04
535	4.63E-04
536	4.70E-04
537	4.75E-04
538	4.80E-04
539	4.88E-04
540	4.95E-04
541	4.98E-04
542	5.03E-04
543	5.14E-04
544	5.27E-04
545	5.36E-04
546	5.44E-04
547	5.53E-04
548	5.64E-04
549	5.76E-04
550	5.88E-04
551	6.00E-04
552	6.11E-04
553	6.21E-04
554	6.31E-04
555	6.39E-04
556	6.46E-04
557	6.52E-04
558	6.58E-04
559	6.65E-04
560	6.72E-04
561	6.79E-04
562	6.86E-04
563	6.92E-04
564	6.99E-04
565	7.08E-04
566	7.18E-04
567	7.26E-04
568	7.34E-04
569	7.45E-04
570	7.59E-04
571	7.73E-04
572	7.87E-04
573	8.02E-04
574	8.19E-04
575	8.39E-04
576	8.58E-04
577	8.75E-04
578	8.96E-04
579	9.24E-04
580	9.52E-04
581	9.74E-04
582	1.00E-03
583	1.04E-03
584	1.08E-03
585	1.12E-03
586	1.16E-03
587	1.20E-03
588	1.25E-03
589	1.30E-03
590	1.36E-03
591	1.41E-03
592	1.46E-03
593	1.51E-03
594	1.57E-03
595	1.63E-03
596	1.70E-03
597	1.76E-03
598	1.86E-03
599	2.04E-03
600	2.22E-03
601	2.32E-03
602	2.37E-03
603	2.40E-03
604	2.45E-03
605	2.52E-03
606	2.59E-03
607	2.63E-03
608	2.65E-03
609	2.67E-03
610	2.69E-03
611	2.70E-03
612	2.71E-03
613	2.73E-03
614	2.74E-03
615	2.75E-03
616	2.76E-03
617	2.78E-03
618	2.79E-03
619	2.80E-03
620	2.81E-03
621	2.82E-03
622	2.84E-03
623	2.85E-03
624	2.87E-03
625	2.88E-03
626	2.89E-03
627	2.91E-03
628	2.92E-03
629	2.94E-03
630	2.96E-03
631	2.97E-03
632	2.99E-03
633	3.00E-03
634	3.01E-03
635	3.02E-03
636	3.04E-03
637	3.06E-03
638	3.08E-03
639	3.09E-03
640	3.11E-03
641	3.13E-03
642	3.14E-03
643	3.16E-03
644	3.18E-03
645	3.20E-03
646	3.22E-03
647	3.24E-03
648	3.26E-03
649	3.29E-03
650	3.31E-03
651	3.34E-03
652	3.36E-03
653	3.39E-03
654	3.42E-03
655	3.46E-03
656	3.51E-03
657	3.57E-03
658	3.64E-03
659	3.71E-03
660	3.79E-03
661	3.87E-03
662	3.93E-03
663	3.98E-03
664	4.02E-03
665	4.05E-03
666	4.07E-03
667	4.09E-03
668	4.10E-03
669	4.11E-03
670	4.12E-03
671	4.14E-03
672	4.15E-03
673	4.16E-03
674	4.17E-03
675	4.20E-03
676	4.22E-03
677	4.25E-03
678	4.27E-03
679	4.29E-03
680	4.32E-03
681	4.35E-03
682	4.38E-03
683	4.42E-03
684	4.46E-03
685	4.50E-03
686	4.55E-03
687	4.59E-03
688	4.65E-03
689	4.70E-03
690	4.76E-03
691	4.83E-03
692	4.90E-03
693	4.99E-03
694	5.07E-03
695	5.15E-03
696	5.24E-03
697	5.35E-03
698	5.47E-03
699	5.59E-03
700	5.72E-03
701	5.85E-03
702	6.00E-03
703	6.15E-03
704	6.30E-03
705	6.46E-03
706	6.63E-03
707	6.80E-03
708	6.99E-03
709	7.20E-03
710	7.41E-03
711	7.65E-03
712	7.89E-03
713	8.16E-03
714	8.44E-03
715	8.76E-03
716	9.11E-03
717	9.48E-03
718	9.87E-03
719	1.03E-02
720	1.07E-02
721	1.12E-02
722	1.17E-02
723	1.22E-02
724	1.27E-02
725	1.32E-02
726	1.37E-02
727	1.43E-02
728	1.49E-02
729	1.55E-02
730	1.62E-02
731	1.70E-02
732	1.79E-02
733	1.89E-02
734	1.99E-02
735	2.10E-02
736	2.21E-02
737	2.31E-02
738	2.39E-02
739	2.47E-02
740	2.53E-02
741	2.58E-02
742	2.62E-02
743	2.65E-02
744	2.67E-02
745	2.69E-02
746	2.70E-02
747	2.71E-02
748	2.72E-02
749	2.73E-02
750	2.73E-02
751	2.74E-02
752	2.74E-02
753	2.74E-02
754	2.75E-02
755	2.75E-02
756	2.75E-02
757	2.76E-02
758	2.76E-02
759	2.77E-02
760	2.77E-02
761	2.77E-02
762	2.77E-02
763	2.77E-02
764	2.77E-02
765	2.77E-02
766	2.77E-02
767	2.77E-02
768	2.76E-02
769	2.76E-02
770	2.75E-02
771	2.75E-02
772	2.75E-02
773	2.74E-02
774	2.73E-02
775	2.72E-02
776	2.71E-02
777	2.70E-02
778	2.69E-02
779	2.67E-02
780	2.66E-02
781	2.65E-02
782	2.63E-02
783	2.62E-02
784	2.61E-02
785	2.59E-02
786	2.56E-02
787	2.52E-02
788	2.51E-02
789	2.50E-02
790	2.47E-02
791	2.45E-02
792	2.41E-02
793	2.39E-02
794	2.37E-02
795	2.36E-02
796	2.34E-02
797	2.32E-02
798	2.30E-02
799	2.28E-02
800	2.25E-02
801	2.24E-02
802	2.24E-02
803	2.22E-02
804	2.20E-02
805	2.20E-02
806	2.20E-02
807	2.20E-02
808	2.18E-02
809	2.19E-02
810	2.19E-02
811	2.19E-02
812	2.20E-02
813	2.21E-02
814	2.22E-02
815	2.23E-02
816	2.25E-02
817	2.28E-02
818	2.30E-02
819	2.31E-02
820	2.33E-02
821	2.39E-02
822	2.45E-02
823	2.48E-02
824	2.52E-02
825	2.62E-02
826	2.77E-02
827	2.83E-02
828	2.91E-02
829	3.11E-02
830	3.21E-02
831	3.30E-02
832	3.46E-02
833	3.61E-02
834	3.66E-02
835	3.70E-02
836	3.79E-02
837	3.83E-02
838	3.85E-02
839	3.91E-02
840	3.95E-02
841	3.97E-02
842	4.00E-02
843	4.04E-02
844	4.06E-02
845	4.08E-02
846	4.11E-02
847	4.13E-02
848	4.15E-02
849	4.20E-02
850	4.20E-02
851	4.22E-02
852	4.25E-02
853	4.27E-02
854	4.28E-02
855	4.31E-02
856	4.36E-02
857	4.37E-02
858	4.38E-02
859	4.43E-02
860	4.45E-02
861	4.47E-02
862	4.50E-02
863	4.53E-02
864	4.55E-02
865	4.61E-02
866	4.66E-02
867	4.69E-02
868	4.71E-02
869	4.71E-02
870	4.75E-02
871	4.83E-02
872	4.87E-02
873	4.89E-02
874	4.96E-02
875	5.01E-02
876	5.05E-02
877	5.12E-02
878	5.15E-02
879	5.20E-02
880	5.30E-02
881	5.35E-02
882	5.39E-02
883	5.46E-02
884	5.53E-02
885	5.57E-02
886	5.60E-02
887	5.65E-02
888	5.75E-02
889	5.79E-02
890	5.83E-02
891	5.92E-02
892	5.98E-02
893	6.01E-02
894	6.04E-02
895	6.09E-02
896	6.19E-02
897	6.23E-02
898	6.27E-02
899	6.36E-02
900	6.41E-02
901	6.46E-02
902	6.56E-02
903	6.64E-02
904	6.67E-02
905	6.70E-02
906	6.77E-02
907	6.90E-02
908	6.99E-02
909	7.04E-02
910	7.08E-02
911	7.19E-02
912	7.36E-02
913	7.49E-02
914	7.56E-02
915	7.63E-02
916	7.79E-02
917	8.09E-02
918	8.29E-02
919	8.41E-02
920	8.53E-02
921	8.80E-02
922	9.27E-02
923	9.58E-02
924	9.82E-02
925	1.01E-01
926	1.04E-01
927	1.07E-01
928	1.11E-01
929	1.19E-01
930	1.25E-01
931	1.28E-01
932	1.33E-01
933	1.37E-01
934	1.41E-01
935	1.46E-01
936	1.56E-01
937	1.64E-01
938	1.69E-01
939	1.73E-01
940	1.82E-01
941	1.96E-01
942	2.05E-01
943	2.11E-01
944	2.19E-01
945	2.29E-01
946	2.39E-01
947	2.47E-01
948	2.54E-01
949	2.70E-01
950	2.98E-01
951	3.15E-01
952	3.27E-01
953	3.44E-01
954	3.62E-01
955	3.79E-01
956	3.93E-01
957	4.07E-01
958	4.18E-01
959	4.27E-01
960	4.39E-01
961	4.54E-01
962	4.61E-01
963	4.63E-01
964	4.66E-01
965	4.70E-01
966	4.73E-01
967	4.76E-01
968	4.77E-01
969	4.78E-01
970	4.80E-01
971	4.81E-01
972	4.83E-01
973	4.84E-01
974	4.86E-01
975	4.87E-01
976	4.87E-01
977	4.86E-01
978	4.86E-01
979	4.84E-01
980	4.82E-01
981	4.80E-01
982	4.79E-01
983	4.76E-01
984	4.74E-01
985	4.71E-01
986	4.68E-01
987	4.64E-01
988	4.60E-01
989	4.57E-01
990	4.53E-01
991	4.48E-01
992	4.43E-01
993	4.40E-01
994	4.36E-01
995	4.32E-01
996	4.26E-01
997	4.21E-01
998	4.17E-01
999	4.12E-01
1000	4.07E-01
1001	4.02E-01
1002	3.96E-01
1003	3.92E-01
1004	3.87E-01
1005	3.82E-01
1006	3.76E-01
1007	3.70E-01
1008	3.64E-01
1009	3.58E-01
1010	3.52E-01
1011	3.46E-01
1012	3.40E-01
1013	3.35E-01
1014	3.30E-01
1015	3.24E-01
1016	3.19E-01
1017	3.14E-01
1018	3.09E-01
1019	3.02E-01
1020	2.96E-01
1021	2.90E-01
1022	2.84E-01
1023	2.78E-01
1024	2.72E-01
1025	2.67E-01
1026	2.62E-01
1027	2.57E-01
1028	2.51E-01
1029	2.44E-01
1030	2.39E-01
1031	2.36E-01
1032	2.33E-01
1033	2.30E-01
1034	2.25E-01
1035	2.20E-01
1036	2.15E-01
1037	2.11E-01
1038	2.06E-01
1039	2.02E-01
1040	1.98E-01
1041	1.94E-01
1042	1.90E-01
1043	1.87E-01
1044	1.84E-01
1045	1.82E-01
1046	1.79E-01
1047	1.75E-01
1048	1.72E-01
1049	1.69E-01
1050	1.66E-01
1051	1.64E-01
1052	1.61E-01
1053	1.59E-01
1054	1.56E-01
1055	1.54E-01
1056	1.53E-01
1057	1.52E-01
1058	1.51E-01
1059	1.49E-01
1060	1.47E-01
1061	1.46E-01
1062	1.45E-01
1063	1.44E-01
1064	1.44E-01
1065	1.43E-01
1066	1.43E-01
1067	1.42E-01
1068	1.41E-01
1069	1.41E-01
1070	1.41E-01
1071	1.41E-01
1072	1.41E-01
1073	1.41E-01
1074	1.41E-01
1075	1.41E-01
1076	1.43E-01
1077	1.43E-01
1078	1.44E-01
1079	1.44E-01
1080	1.44E-01
1081	1.46E-01
1082	1.47E-01
1083	1.50E-01
1084	1.52E-01
1085	1.53E-01
1086	1.55E-01
1087	1.56E-01
1088	1.58E-01
1089	1.60E-01
1090	1.63E-01
1091	1.66E-01
1092	1.68E-01
1093	1.69E-01
1094	1.71E-01
1095	1.74E-01
1096	1.78E-01
1097	1.82E-01
1098	1.87E-01
1099	1.89E-01
1100	1.91E-01
1101	1.93E-01
1102	1.97E-01
1103	2.01E-01
1104	2.03E-01
1105	2.05E-01
1106	2.08E-01
1107	2.12E-01
1108	2.17E-01
1109	2.20E-01
1110	2.22E-01
1111	2.25E-01
1112	2.30E-01
1113	2.34E-01
1114	2.35E-01
1115	2.34E-01
1116	2.35E-01
1117	2.40E-01
1118	2.45E-01
1119	2.49E-01
1120	2.53E-01
1121	2.58E-01
1122	2.65E-01
1123	2.72E-01
1124	2.77E-01
1125	2.81E-01
1126	2.89E-01
1127	3.02E-01
1128	3.16E-01
1129	3.27E-01
1130	3.38E-01
1131	3.53E-01
1132	3.77E-01
1133	4.04E-01
1134	4.28E-01
1135	4.50E-01
1136	4.71E-01
1137	4.93E-01
1138	5.20E-01
1139	5.57E-01
1140	6.05E-01
1141	6.52E-01
1142	6.86E-01
1143	7.16E-01
1144	7.53E-01
1145	8.06E-01
1146	8.60E-01
1147	8.98E-01
1148	9.25E-01
1149	9.49E-01
1150	9.77E-01
1151	1.01E+00
1152	1.04E+00
1153	1.07E+00
1154	1.10E+00
1155	1.12E+00
1156	1.13E+00
1157	1.14E+00
1158	1.15E+00
1159	1.16E+00
1160	1.17E+00
1161	1.18E+00
1162	1.19E+00
1163	1.19E+00
1164	1.20E+00
1165	1.20E+00
1166	1.20E+00
1167	1.20E+00
1168	1.21E+00
1169	1.21E+00
1170	1.21E+00
1171	1.21E+00
1172	1.22E+00
1173	1.23E+00
1174	1.23E+00
1175	1.23E+00
1176	1.23E+00
1177	1.23E+00
1178	1.23E+00
1179	1.24E+00
1180	1.24E+00
1181	1.24E+00
1182	1.24E+00
1183	1.25E+00
1184	1.25E+00
1185	1.26E+00
1186	1.26E+00
1187	1.26E+00
1188	1.26E+00
1189	1.26E+00
1190	1.27E+00
1191	1.27E+00
1192	1.27E+00
1193	1.27E+00
1194	1.28E+00
1195	1.28E+00
1196	1.28E+00
1197	1.28E+00
1198	1.28E+00
1199	1.28E+00
1200	1.27E+00
1201	1.27E+00
1202	1.27E+00
1203	1.27E+00
1204	1.27E+00
1205	1.27E+00
1206	1.26E+00
1207	1.26E+00
1208	1.26E+00
1209	1.26E+00
1210	1.26E+00
1211	1.25E+00
1212	1.25E+00
1213	1.24E+00
1214	1.24E+00
1215	1.24E+00
1216	1.24E+00
1217	1.23E+00
1218	1.22E+00
1219	1.22E+00
1220	1.21E+00
1221	1.21E+00
1222	1.21E+00
1223	1.21E+00
1224	1.21E+00
1225	1.20E+00
1226	1.20E+00
1227	1.20E+00
1228	1.20E+00
1229	1.19E+00
1230	1.19E+00
1231	1.18E+00
1232	1.18E+00
1233	1.18E+00
1234	1.17E+00
1235	1.17E+00
1236	1.16E+00
1237	1.16E+00
1238	1.16E+00
1239	1.16E+00
1240	1.16E+00
1241	1.15E+00
1242	1.15E+00
1243	1.14E+00
1244	1.14E+00
1245	1.13E+00
1246	1.13E+00
1247	1.13E+00
1248	1.12E+00
1249	1.12E+00
1250	1.12E+00
1251	1.11E+00
1252	1.11E+00
1253	1.10E+00
1254	1.10E+00
1255	1.10E+00
1256	1.10E+00
1257	1.10E+00
1258	1.10E+00
1259	1.10E+00
1260	1.09E+00
1261	1.09E+00
1262	1.08E+00
1263	1.08E+00
1264	1.08E+00
1265	1.08E+00
1266	1.08E+00
1267	1.08E+00
1268	1.08E+00
1269	1.08E+00
1270	1.08E+00
1271	1.08E+00
1272	1.09E+00
1273	1.09E+00
1274	1.10E+00
1275	1.10E+00
1276	1.11E+00
1277	1.11E+00
1278	1.11E+00
1279	1.11E+00
1280	1.12E+00
1281	1.13E+00
1282	1.14E+00
1283	1.15E+00
1284	1.16E+00
1285	1.16E+00
1286	1.17E+00
1287	1.18E+00
1288	1.18E+00
1289	1.19E+00
1290	1.20E+00
1291	1.21E+00
1292	1.22E+00
1293	1.23E+00
1294	1.24E+00
1295	1.25E+00
1296	1.27E+00
1297	1.28E+00
1298	1.30E+00
1299	1.31E+00
1300	1.32E+00
1301	1.34E+00
1302	1.35E+00
1303	1.37E+00
1304	1.39E+00
1305	1.42E+00
1306	1.44E+00
1307	1.47E+00
1308	1.49E+00
1309	1.51E+00
1310	1.53E+00
1311	1.55E+00
1312	1.58E+00
1313	1.61E+00
1314	1.64E+00
1315	1.67E+00
1316	1.70E+00
1317	1.73E+00
1318	1.76E+00
1319	1.79E+00
1320	1.83E+00
1321	1.87E+00
1322	1.91E+00
1323	1.94E+00
1324	1.97E+00
1325	2.01E+00
1326	2.05E+00
1327	2.10E+00
1328	2.15E+00
1329	2.20E+00
1330	2.24E+00
1331	2.28E+00
1332	2.31E+00
1333	2.36E+00
1334	2.42E+00
1335	2.48E+00
1336	2.54E+00
1337	2.59E+00
1338	2.63E+00
1339	2.67E+00
1340	2.70E+00
1341	2.74E+00
1342	2.78E+00
1343	2.83E+00
1344	2.89E+00
1345	2.96E+00
1346	3.03E+00
1347	3.10E+00
1348	3.15E+00
1349	3.18E+00
1350	3.23E+00
1351	3.27E+00
1352	3.32E+00
1353	3.36E+00
1354	3.41E+00
1355	3.45E+00
1356	3.50E+00
1357	3.54E+00
1358	3.60E+00
1359	3.65E+00
1360	3.70E+00
1361	3.75E+00
1362	3.80E+00
1363	3.87E+00
1364	3.93E+00
1365	3.98E+00
1366	4.06E+00
1367	4.13E+00
1368	4.22E+00
1369	4.30E+00
1370	4.39E+00
1371	4.50E+00
1372	4.63E+00
1373	4.74E+00
1374	4.90E+00
1375	5.09E+00
1376	5.26E+00
1377	5.48E+00
1378	5.72E+00
1379	6.01E+00
1380	6.24E+00
1381	6.58E+00
1382	6.93E+00
1383	7.31E+00
1384	7.63E+00
1385	8.09E+00
1386	8.54E+00
1387	9.03E+00
1388	9.59E+00
1389	1.00E+01
1390	1.06E+01
1391	1.12E+01
1392	1.18E+01
1393	1.24E+01
1394	1.32E+01
1395	1.37E+01
1396	1.43E+01
1397	1.51E+01
1398	1.58E+01
1399	1.65E+01
1400	1.71E+01
1401	1.78E+01
1402	1.85E+01
1403	1.92E+01
1404	1.98E+01
1405	2.03E+01
1406	2.09E+01
1407	2.15E+01
1408	2.20E+01
1409	2.26E+01
1410	2.31E+01
1411	2.36E+01
1412	2.41E+01
1413	2.45E+01
1414	2.49E+01
1415	2.53E+01
1416	2.57E+01
1417	2.61E+01
1418	2.64E+01
1419	2.67E+01
1420	2.70E+01
1421	2.73E+01
1422	2.76E+01
1423	2.78E+01
1424	2.81E+01
1425	2.84E+01
1426	2.86E+01
1427	2.88E+01
1428	2.89E+01
1429	2.91E+01
1430	2.93E+01
1431	2.94E+01
1432	2.96E+01
1433	2.97E+01
1434	2.98E+01
1435	2.99E+01
1436	3.00E+01
1437	3.01E+01
1438	3.02E+01
1439	3.03E+01
1440	3.04E+01
1441	3.04E+01
1442	3.05E+01
1443	3.05E+01
1444	3.05E+01
1445	3.05E+01
1446	3.06E+01
1447	3.06E+01
1448	3.06E+01
1449	3.06E+01
1450	3.05E+01
1451	3.05E+01
1452	3.05E+01
1453	3.04E+01
1454	3.04E+01
1455	3.04E+01
1456	3.03E+01
1457	3.02E+01
1458	3.01E+01
1459	3.01E+01
1460	3.00E+01
1461	2.98E+01
1462	2.97E+01
1463	2.96E+01
1464	2.94E+01
1465	2.92E+01
1466	2.90E+01
1467	2.87E+01
1468	2.85E+01
1469	2.83E+01
1470	2.80E+01
1471	2.78E+01
1472	2.75E+01
1473	2.72E+01
1474	2.70E+01
1475	2.66E+01
1476	2.64E+01
1477	2.61E+01
1478	2.58E+01
1479	2.56E+01
1480	2.52E+01
1481	2.50E+01
1482	2.47E+01
1483	2.44E+01
1484	2.41E+01
1485	2.39E+01
1486	2.36E+01
1487	2.33E+01
1488	2.31E+01
1489	2.27E+01
1490	2.25E+01
1491	2.22E+01
1492	2.19E+01
1493	2.16E+01
1494	2.14E+01
1495	2.11E+01
1496	2.08E+01
1497	2.05E+01
1498	2.03E+01
1499	2.00E+01
1500	1.97E+01
1501	1.95E+01
1502	1.92E+01
1503	1.90E+01
1504	1.87E+01
1505	1.85E+01
1506	1.83E+01
1507	1.80E+01
1508	1.78E+01
1509	1.76E+01
1510	1.73E+01
1511	1.71E+01
1512	1.69E+01
1513	1.67E+01
1514	1.65E+01
1515	1.62E+01
1516	1.61E+01
1517	1.58E+01
1518	1.56E+01
1519	1.54E+01
1520	1.53E+01
1521	1.50E+01
1522	1.49E+01
1523	1.47E+01
1524	1.45E+01
1525	1.43E+01
1526	1.41E+01
1527	1.39E+01
1528	1.38E+01
1529	1.36E+01
1530	1.35E+01
1531	1.33E+01
1532	1.32E+01
1533	1.30E+01
1534	1.28E+01
1535	1.27E+01
1536	1.25E+01
1537	1.24E+01
1538	1.22E+01
1539	1.21E+01
1540	1.19E+01
1541	1.18E+01
1542	1.17E+01
1543	1.15E+01
1544	1.14E+01
1545	1.13E+01
1546	1.11E+01
1547	1.10E+01
1548	1.09E+01
1549	1.08E+01
1550	1.06E+01
1551	1.05E+01
1552	1.04E+01
1553	1.03E+01
1554	1.02E+01
1555	1.01E+01
1556	1.00E+01
1557	9.91E+00
1558	9.84E+00
1559	9.75E+00
1560	9.66E+00
1561	9.56E+00
1562	9.48E+00
1563	9.38E+00
1564	9.30E+00
1565	9.20E+00
1566	9.13E+00
1567	9.05E+00
1568	8.98E+00
1569	8.90E+00
1570	8.82E+00
1571	8.74E+00
1572	8.66E+00
1573	8.59E+00
1574	8.51E+00
1575	8.45E+00
1576	8.36E+00
1577	8.29E+00
1578	8.23E+00
1579	8.16E+00
1580	8.10E+00
1581	8.04E+00
1582	7.96E+00
1583	7.89E+00
1584	7.83E+00
1585	7.77E+00
1586	7.71E+00
1587	7.65E+00
1588	7.61E+00
1589	7.55E+00
1590	7.50E+00
1591	7.43E+00
1592	7.37E+00
1593	7.32E+00
1594	7.25E+00
1595	7.20E+00
1596	7.16E+00
1597	7.12E+00
1598	7.08E+00
1599	7.04E+00
1600	6.99E+00
1601	6.94E+00
1602	6.91E+00
1603	6.87E+00
1604	6.83E+00
1605	6.78E+00
1606	6.74E+00
1607	6.71E+00
1608	6.70E+00
1609	6.65E+00
1610	6.63E+00
1611	6.60E+00
1612	6.57E+00
1613	6.53E+00
1614	6.50E+00
1615	6.47E+00
1616	6.45E+00
1617	6.42E+00
1618	6.40E+00
1619	6.36E+00
1620	6.34E+00
1621	6.31E+00
1622	6.28E+00
1623	6.25E+00
1624	6.21E+00
1625	6.19E+00
1626	6.16E+00
1627	6.13E+00
1628	6.12E+00
1629	6.09E+00
1630	6.08E+00
1631	6.05E+00
1632	6.05E+00
1633	6.02E+00
1634	6.00E+00
1635	5.98E+00
1636	5.97E+00
1637	5.95E+00
1638	5.94E+00
1639	5.92E+00
1640	5.91E+00
1641	5.89E+00
1642	5.88E+00
1643	5.85E+00
1644	5.83E+00
1645	5.80E+00
1646	5.79E+00
1647	5.75E+00
1648	5.75E+00
1649	5.72E+00
1650	5.71E+00
1651	5.68E+00
1652	5.68E+00
1653	5.66E+00
1654	5.66E+00
1655	5.64E+00
1656	5.65E+00
1657	5.63E+00
1658	5.63E+00
1659	5.62E+00
1660	5.62E+00
1661	5.60E+00
1662	5.61E+00
1663	5.60E+00
1664	5.60E+00
1665	5.58E+00
1666	5.58E+00
1667	5.56E+00
1668	5.56E+00
1669	5.55E+00
1670	5.54E+00
1671	5.54E+00
1672	5.54E+00
1673	5.53E+00
1674	5.53E+00
1675	5.53E+00
1676	5.53E+00
1677	5.53E+00
1678	5.53E+00
1679	5.52E+00
1680	5.52E+00
1681	5.52E+00
1682	5.53E+00
1683	5.52E+00
1684	5.52E+00
1685	5.52E+00
1686	5.52E+00
1687	5.51E+00
1688	5.53E+00
1689	5.51E+00
1690	5.52E+00
1691	5.51E+00
1692	5.52E+00
1693	5.51E+00
1694	5.52E+00
1695	5.52E+00
1696	5.54E+00
1697	5.54E+00
1698	5.54E+00
1699	5.56E+00
1700	5.57E+00
1701	5.58E+00
1702	5.61E+00
1703	5.61E+00
1704	5.63E+00
1705	5.64E+00
1706	5.66E+00
1707	5.67E+00
1708	5.69E+00
1709	5.70E+00
1710	5.73E+00
1711	5.75E+00
1712	5.77E+00
1713	5.78E+00
1714	5.80E+00
1715	5.81E+00
1716	5.83E+00
1717	5.84E+00
1718	5.88E+00
1719	5.89E+00
1720	5.93E+00
1721	5.95E+00
1722	5.97E+00
1723	6.00E+00
1724	6.03E+00
1725	6.05E+00
1726	6.09E+00
1727	6.10E+00
1728	6.14E+00
1729	6.17E+00
1730	6.20E+00
1731	6.22E+00
1732	6.26E+00
1733	6.28E+00
1734	6.33E+00
1735	6.37E+00
1736	6.39E+00
1737	6.45E+00
1738	6.49E+00
1739	6.52E+00
1740	6.57E+00
1741	6.62E+00
1742	6.66E+00
1743	6.69E+00
1744	6.75E+00
1745	6.80E+00
1746	6.84E+00
1747	6.90E+00
1748	6.96E+00
1749	7.00E+00
1750	7.05E+00
1751	7.11E+00
1752	7.18E+00
1753	7.24E+00
1754	7.27E+00
1755	7.34E+00
1756	7.41E+00
1757	7.48E+00
1758	7.54E+00
1759	7.59E+00
1760	7.67E+00
1761	7.73E+00
1762	7.78E+00
1763	7.83E+00
1764	7.89E+00
1765	7.95E+00
1766	8.00E+00
1767	8.04E+00
1768	8.10E+00
1769	8.15E+00
1770	8.21E+00
1771	8.24E+00
1772	8.26E+00
1773	8.32E+00
1774	8.35E+00
1775	8.39E+00
1776	8.43E+00
1777	8.45E+00
1778	8.48E+00
1779	8.51E+00
1780	8.54E+00
1781	8.56E+00
1782	8.59E+00
1783	8.62E+00
1784	8.64E+00
1785	8.67E+00
1786	8.69E+00
1787	8.72E+00
1788	8.74E+00
1789	8.76E+00
1790	8.78E+00
1791	8.78E+00
1792	8.78E+00
1793	8.79E+00
1794	8.80E+00
1795	8.81E+00
1796	8.81E+00
1797	8.81E+00
1798	8.80E+00
1799	8.79E+00
1800	8.79E+00
1801	8.78E+00
1802	8.77E+00
1803	8.75E+00
1804	8.75E+00
1805	8.74E+00
1806	8.74E+00
1807	8.73E+00
1808	8.74E+00
1809	8.75E+00
1810	8.76E+00
1811	8.78E+00
1812	8.79E+00
1813	8.79E+00
1814	8.80E+00
1815	8.79E+00
1816	8.81E+00
1817	8.82E+00
1818	8.84E+00
1819	8.85E+00
1820	8.85E+00
1821	8.86E+00
1822	8.87E+00
1823	8.87E+00
1824	8.88E+00
1825	8.89E+00
1826	8.90E+00
1827	8.92E+00
1828	8.95E+00
1829	8.97E+00
1830	9.01E+00
1831	9.03E+00
1832	9.11E+00
1833	9.15E+00
1834	9.20E+00
1835	9.26E+00
1836	9.31E+00
1837	9.38E+00
1838	9.46E+00
1839	9.54E+00
1840	9.63E+00
1841	9.72E+00
1842	9.82E+00
1843	9.94E+00
1844	1.01E+01
1845	1.02E+01
1846	1.03E+01
1847	1.04E+01
1848	1.06E+01
1849	1.08E+01
1850	1.09E+01
1851	1.11E+01
1852	1.14E+01
1853	1.16E+01
1854	1.18E+01
1855	1.21E+01
1856	1.23E+01
1857	1.27E+01
1858	1.30E+01
1859	1.33E+01
1860	1.38E+01
1861	1.41E+01
1862	1.48E+01
1863	1.53E+01
1864	1.59E+01
1865	1.64E+01
1866	1.71E+01
1867	1.77E+01
1868	1.85E+01
1869	1.93E+01
1870	2.05E+01
1871	2.15E+01
1872	2.25E+01
1873	2.37E+01
1874	2.48E+01
1875	2.62E+01
1876	2.75E+01
1877	2.97E+01
1878	3.14E+01
1879	3.32E+01
1880	3.50E+01
1881	3.73E+01
1882	3.93E+01
1883	4.27E+01
1884	4.53E+01
1885	4.79E+01
1886	5.06E+01
1887	5.36E+01
1888	5.76E+01
1889	6.09E+01
1890	6.40E+01
1891	6.72E+01
1892	7.06E+01
1893	7.50E+01
1894	7.84E+01
1895	8.16E+01
1896	8.47E+01
1897	8.75E+01
1898	9.19E+01
1899	9.46E+01
1900	9.72E+01
1901	1.00E+02
1902	1.03E+02
1903	1.06E+02
1904	1.08E+02
1905	1.10E+02
1906	1.12E+02
1907	1.14E+02
1908	1.16E+02
1909	1.17E+02
1910	1.19E+02
1911	1.20E+02
1912	1.22E+02
1913	1.23E+02
1914	1.24E+02
1915	1.25E+02
1916	1.26E+02
1917	1.27E+02
1918	1.28E+02
1919	1.28E+02
1920	1.29E+02
1921	1.29E+02
1922	1.30E+02
1923	1.30E+02
1924	1.30E+02
1925	1.30E+02
1926	1.31E+02
1927	1.31E+02
1928	1.31E+02
1929	1.31E+02
1930	1.30E+02
1931	1.30E+02
1932	1.30E+02
1933	1.30E+02
1934	1.29E+02
1935	1.29E+02
1936	1.28E+02
1937	1.28E+02
1938	1.27E+02
1939	1.26E+02
1940	1.26E+02
1941	1.25E+02
1942	1.24E+02
1943	1.23E+02
1944	1.22E+02
1945	1.22E+02
1946	1.21E+02
1947	1.20E+02
1948	1.19E+02
1949	1.18E+02
1950	1.17E+02
1951	1.16E+02
1952	1.15E+02
1953	1.14E+02
1954	1.13E+02
1955	1.12E+02
1956	1.11E+02
1957	1.10E+02
1958	1.09E+02
1959	1.08E+02
1960	1.07E+02
1961	1.06E+02
1962	1.04E+02
1963	1.04E+02
1964	1.02E+02
1965	1.01E+02
1966	1.01E+02
1967	9.93E+01
1968	9.83E+01
1969	9.71E+01
1970	9.63E+01
1971	9.49E+01
1972	9.41E+01
1973	9.34E+01
1974	9.21E+01
1975	9.12E+01
1976	9.01E+01
1977	8.93E+01
1978	8.80E+01
1979	8.73E+01
1980	8.61E+01
1981	8.53E+01
1982	8.46E+01
1983	8.34E+01
1984	8.26E+01
1985	8.15E+01
1986	8.08E+01
1987	7.97E+01
1988	7.90E+01
1989	7.80E+01
1990	7.72E+01
1991	7.63E+01
1992	7.56E+01
1993	7.46E+01
1994	7.39E+01
1995	7.30E+01
1996	7.23E+01
1997	7.14E+01
1998	7.08E+01
1999	6.99E+01
2000	6.92E+01
2001	6.87E+01
2002	6.78E+01
2003	6.69E+01
2004	6.63E+01
2005	6.55E+01
2006	6.49E+01
2007	6.41E+01
2008	6.36E+01
2009	6.28E+01
2010	6.23E+01
2011	6.16E+01
2012	6.10E+01
2013	6.03E+01
2014	5.98E+01
2015	5.91E+01
2016	5.86E+01
2017	5.79E+01
2018	5.75E+01
2019	5.68E+01
2020	5.63E+01
2021	5.57E+01
2022	5.50E+01
2023	5.46E+01
2024	5.40E+01
2025	5.36E+01
2026	5.29E+01
2027	5.26E+01
2028	5.20E+01
2029	5.14E+01
2030	5.10E+01
2031	5.05E+01
2032	5.01E+01
2033	4.95E+01
2034	4.91E+01
2035	4.86E+01
2036	4.81E+01
2037	4.77E+01
2038	4.72E+01
2039	4.69E+01
2040	4.64E+01
2041	4.58E+01
2042	4.55E+01
2043	4.50E+01
2044	4.47E+01
2045	4.43E+01
2046	4.38E+01
2047	4.35E+01
2048	4.30E+01
2049	4.27E+01
2050	4.23E+01
2051	4.19E+01
2052	4.15E+01
2053	4.11E+01
2054	4.07E+01
2055	4.05E+01
2056	4.00E+01
2057	3.98E+01
2058	3.93E+01
2059	3.89E+01
2060	3.87E+01
2061	3.83E+01
2062	3.79E+01
2063	3.76E+01
2064	3.73E+01
2065	3.69E+01
2066	3.66E+01
2067	3.63E+01
2068	3.59E+01
2069	3.57E+01
2070	3.54E+01
2071	3.50E+01
2072	3.48E+01
2073	3.45E+01
2074	3.41E+01
2075	3.39E+01
2076	3.36E+01
2077	3.33E+01
2078	3.31E+01
2079	3.28E+01
2080	3.25E+01
2081	3.23E+01
2082	3.20E+01
2083	3.17E+01
2084	3.15E+01
2085	3.13E+01
2086	3.10E+01
2087	3.07E+01
2088	3.05E+01
2089	3.03E+01
2090	3.00E+01
2091	2.98E+01
2092	2.96E+01
2093	2.93E+01
2094	2.91E+01
2095	2.89E+01
2096	2.86E+01
2097	2.84E+01
2098	2.82E+01
2099	2.80E+01
2100	2.78E+01
2101	2.75E+01
2102	2.74E+01
2103	2.71E+01
2104	2.69E+01
2105	2.67E+01
2106	2.66E+01
2107	2.64E+01
2108	2.62E+01
2109	2.60E+01
2110	2.58E+01
2111	2.56E+01
2112	2.55E+01
2113	2.53E+01
2114	2.52E+01
2115	2.50E+01
2116	2.49E+01
2117	2.47E+01
2118	2.46E+01
2119	2.44E+01
2120	2.42E+01
2121	2.40E+01
2122	2.39E+01
2123	2.37E+01
2124	2.36E+01
2125	2.34E+01
2126	2.33E+01
2127	2.32E+01
2128	2.30E+01
2129	2.29E+01
2130	2.28E+01
2131	2.26E+01
2132	2.25E+01
2133	2.24E+01
2134	2.23E+01
2135	2.21E+01
2136	2.20E+01
2137	2.19E+01
2138	2.18E+01
2139	2.17E+01
2140	2.16E+01
2141	2.15E+01
2142	2.14E+01
2143	2.13E+01
2144	2.12E+01
2145	2.11E+01
2146	2.10E+01
2147	2.09E+01
2148	2.09E+01
2149	2.08E+01
2150	2.07E+01
2151	2.06E+01
2152	2.05E+01
2153	2.04E+01
2154	2.03E+01
2155	2.03E+01
2156	2.02E+01
2157	2.01E+01
2158	2.00E+01
2159	1.99E+01
2160	1.99E+01
2161	1.98E+01
2162	1.98E+01
2163	1.97E+01
2164	1.96E+01
2165	1.96E+01
2166	1.95E+01
2167	1.95E+01
2168	1.94E+01
2169	1.94E+01
2170	1.93E+01
2171	1.93E+01
2172	1.92E+01
2173	1.92E+01
2174	1.91E+01
2175	1.91E+01
2176	1.90E+01
2177	1.90E+01
2178	1.90E+01
2179	1.89E+01
2180	1.88E+01
2181	1.88E+01
2182	1.87E+01
2183	1.87E+01
2184	1.87E+01
2185	1.86E+01
2186	1.86E+01
2187	1.85E+01
2188	1.85E+01
2189	1.84E+01
2190	1.84E+01
2191	1.84E+01
2192	1.84E+01
2193	1.84E+01
2194	1.84E+01
2195	1.84E+01
2196	1.84E+01
2197	1.84E+01
2198	1.84E+01
2199	1.84E+01
2200	1.83E+01
2201	1.83E+01
2202	1.83E+01
2203	1.83E+01
2204	1.83E+01
2205	1.83E+01
2206	1.83E+01
2207	1.83E+01
2208	1.83E+01
2209	1.83E+01
2210	1.83E+01
2211	1.83E+01
2212	1.83E+01
2213	1.83E+01
2214	1.83E+01
2215	1.83E+01
2216	1.83E+01
2217	1.84E+01
2218	1.84E+01
2219	1.84E+01
2220	1.84E+01
2221	1.84E+01
2222	1.84E+01
2223	1.84E+01
2224	1.84E+01
2225	1.84E+01
2226	1.85E+01
2227	1.85E+01
2228	1.85E+01
2229	1.85E+01
2230	1.86E+01
2231	1.86E+01
2232	1.86E+01
2233	1.86E+01
2234	1.86E+01
2235	1.87E+01
2236	1.87E+01
2237	1.88E+01
2238	1.88E+01
2239	1.88E+01
2240	1.89E+01
2241	1.89E+01
2242	1.90E+01
2243	1.90E+01
2244	1.91E+01
2245	1.91E+01
2246	1.92E+01
2247	1.92E+01
2248	1.93E+01
2249	1.93E+01
2250	1.94E+01
2251	1.95E+01
2252	1.95E+01
2253	1.96E+01
2254	1.97E+01
2255	1.97E+01
2256	1.98E+01
2257	1.99E+01
2258	1.99E+01
2259	2.00E+01
2260	2.00E+01
2261	2.01E+01
2262	2.02E+01
2263	2.03E+01
2264	2.04E+01
2265	2.05E+01
2266	2.05E+01
2267	2.06E+01
2268	2.07E+01
2269	2.08E+01
2270	2.09E+01
2271	2.09E+01
2272	2.10E+01
2273	2.11E+01
2274	2.13E+01
2275	2.14E+01
2276	2.14E+01
2277	2.15E+01
2278	2.16E+01
2279	2.17E+01
2280	2.18E+01
2281	2.19E+01
2282	2.20E+01
2283	2.21E+01
2284	2.22E+01
2285	2.23E+01
2286	2.24E+01
2287	2.26E+01
2288	2.28E+01
2289	2.29E+01
2290	2.30E+01
2291	2.31E+01
2292	2.33E+01
2293	2.34E+01
2294	2.35E+01
2295	2.36E+01
2296	2.38E+01
2297	2.39E+01
2298	2.41E+01
2299	2.42E+01
2300	2.43E+01
2301	2.44E+01
2302	2.46E+01
2303	2.47E+01
2304	2.49E+01
2305	2.49E+01
2306	2.52E+01
2307	2.53E+01
2308	2.55E+01
2309	2.56E+01
2310	2.58E+01
2311	2.59E+01
2312	2.61E+01
2313	2.62E+01
2314	2.65E+01
2315	2.66E+01
2316	2.68E+01
2317	2.69E+01
2318	2.71E+01
2319	2.73E+01
2320	2.74E+01
2321	2.76E+01
2322	2.79E+01
2323	2.80E+01
2324	2.82E+01
2325	2.84E+01
2326	2.86E+01
2327	2.87E+01
2328	2.90E+01
2329	2.92E+01
2330	2.93E+01
2331	2.95E+01
2332	2.97E+01
2333	2.99E+01
2334	3.00E+01
2335	3.04E+01
2336	3.05E+01
2337	3.07E+01
2338	3.09E+01
2339	3.11E+01
2340	3.14E+01
2341	3.16E+01
2342	3.18E+01
2343	3.20E+01
2344	3.22E+01
2345	3.24E+01
2346	3.27E+01
2347	3.29E+01
2348	3.31E+01
2349	3.33E+01
2350	3.35E+01
2351	3.39E+01
2352	3.40E+01
2353	3.43E+01
2354	3.45E+01
2355	3.47E+01
2356	3.49E+01
2357	3.53E+01
2358	3.55E+01
2359	3.57E+01
2360	3.59E+01
2361	3.61E+01
2362	3.66E+01
2363	3.68E+01
2364	3.70E+01
2365	3.72E+01
2366	3.76E+01
2367	3.78E+01
2368	3.80E+01
2369	3.83E+01
2370	3.85E+01
2371	3.89E+01
2372	3.91E+01
2373	3.94E+01
2374	3.96E+01
2375	4.01E+01
2376	4.02E+01
2377	4.05E+01
2378	4.08E+01
2379	4.10E+01
2380	4.15E+01
2381	4.17E+01
2382	4.20E+01
2383	4.22E+01
2384	4.27E+01
2385	4.29E+01
2386	4.32E+01
2387	4.34E+01
2388	4.39E+01
2389	4.41E+01
2390	4.44E+01
2391	4.46E+01
2392	4.51E+01
2393	4.54E+01
2394	4.56E+01
2395	4.59E+01
2396	4.64E+01
2397	4.66E+01
2398	4.69E+01
2399	4.71E+01
2400	4.76E+01
2401	4.79E+01
2402	4.82E+01
2403	4.84E+01
2404	4.89E+01
2405	4.92E+01
2406	4.94E+01
2407	5.00E+01
2408	5.02E+01
2409	5.05E+01
2410	5.08E+01
2411	5.13E+01
2412	5.16E+01
2413	5.19E+01
2414	5.25E+01
2415	5.28E+01
2416	5.31E+01
2417	5.34E+01
2418	5.40E+01
2419	5.43E+01
2420	5.46E+01
2421	5.52E+01
2422	5.55E+01
2423	5.59E+01
2424	5.62E+01
2425	5.69E+01
2426	5.71E+01
2427	5.75E+01
2428	5.81E+01
2429	5.84E+01
2430	5.88E+01
2431	5.95E+01
2432	5.98E+01
2433	6.01E+01
2434	6.04E+01
2435	6.11E+01
2436	6.15E+01
2437	6.18E+01
2438	6.25E+01
2439	6.29E+01
2440	6.32E+01
2441	6.39E+01
2442	6.43E+01
2443	6.46E+01
2444	6.54E+01
2445	6.57E+01
2446	6.61E+01
2447	6.68E+01
2448	6.73E+01
2449	6.76E+01
2450	6.84E+01
2451	6.88E+01
2452	6.92E+01
2453	7.01E+01
2454	7.05E+01
2455	7.08E+01
2456	7.17E+01
2457	7.21E+01
2458	7.25E+01
2459	7.34E+01
2460	7.38E+01
2461	7.42E+01
2462	7.51E+01
2463	7.55E+01
2464	7.59E+01
2465	7.68E+01
2466	7.72E+01
2467	7.80E+01
2468	7.84E+01
2469	7.88E+01
2470	7.97E+01
2471	8.00E+01
2472	8.05E+01
2473	8.14E+01
2474	8.17E+01
2475	8.22E+01
2476	8.30E+01
2477	8.34E+01
2478	8.42E+01
2479	8.47E+01
2480	8.51E+01
2481	8.58E+01
2482	8.62E+01
2483	8.64E+01
2484	8.71E+01
2485	8.76E+01
2486	8.88E+01
2487	8.90E+01
2488	8.95E+01
2489	9.05E+01
2490	9.09E+01
2491	9.13E+01
2492	9.20E+01
2493	9.24E+01
2494	9.31E+01
2495	9.33E+01
2496	9.36E+01
2497	9.42E+01
2498	9.45E+01
2499	9.50E+01
2500	9.53E+01
