418.416
424.043
429.457
434.686
439.758
444.699
449.539
454.306
459.031
463.73
468.411
473.08
477.744
482.411
487.087
491.78
496.497
501.243
506.02
510.829
515.672
520.551
525.467
530.424
535.422
540.463
545.551
550.687
555.873
561.112
566.405
571.756
577.166
582.636
588.171
593.773
599.446
605.193
611.017
616.923
622.921
628.987
635.112
641.294
647.537
653.841
660.207
666.637
673.131
679.691
686.319
693.014
699.78
706.617
713.524
720.501
727.545
734.654
741.826
749.06
756.353
763.703
771.108
778.567
786.078
793.639
801.249
808.905
816.608
824.355
832.145
839.976
847.847
855.757
863.703
871.683
879.693
887.729
895.789
901.961
903.87
911.571
911.968
920.081
921.32
928.204
931.203
936.335
941.218
944.47
951.36
952.608
960.748
961.628
968.892
972.016
977.037
982.523
985.186
993.144
993.338
1003.88
1014.72
1025.66
1036.7
1047.84
1059.07
1070.39
1081.78
1093.26
1104.81
1116.43
1128.1
1139.84
1151.62
1163.44
1175.3
1187.2
1199.11
1211.05
1223
1234.97
1246.94
1258.93
1270.92
1282.92
1294.91
1306.9
1318.88
1330.85
1342.82
1354.76
1366.69
1378.6
1390.48
1449.43
1461.1
1472.74
1484.34
1495.89
1507.4
1518.87
1530.29
1541.67
1553.01
1564.3
1575.55
1586.76
1597.91
1609.02
1620.09
1631.11
1642.07
1653
1663.87
1674.7
1685.47
1696.2
1706.87
1717.5
1728.08
1738.6
1749.08
1759.51
1769.89
1780.22
1967.66
1977.08
1986.45
1995.79
2005.08
2014.33
2023.54
2032.7
2041.83
2050.92
2059.96
2068.97
2077.93
2086.86
2095.74
2104.59
2113.4
2122.17
2130.9
2139.6
2148.26
2156.88
2165.47
2174.02
2182.53
2191.01
2199.45
2207.86
2216.24
2224.58
2232.89
2241.16
2249.4
2257.61
2265.79
2273.93
2282.04
2290.12
2298.17
2306.19
2314.17
2322.13
2330.05
2337.94
2345.81
2353.64
2361.44
2369.21
2376.95
2384.66
2392.34
2400
2407.62
2415.21
2422.78
2430.32
2437.82
2445.3
