# Wavelength_nm	Reflectance
4.230000000000000000e+02	1.603636904876621846e-02
4.290000000000000000e+02	1.600390188845167427e-02
4.340000000000000000e+02	1.598525851938106812e-02
4.400000000000000000e+02	1.597097239811485353e-02
4.450000000000000000e+02	1.595830401856206116e-02
4.500000000000000000e+02	1.596190496316164317e-02
4.550000000000000000e+02	1.599390347113103378e-02
4.600000000000000000e+02	1.604392155713273843e-02
4.640000000000000000e+02	1.608311985242718081e-02
4.690000000000000000e+02	1.612966012593663317e-02
4.740000000000000000e+02	1.616474001776439795e-02
4.790000000000000000e+02	1.620361549764065545e-02
4.840000000000000000e+02	1.628700676035246472e-02
4.880000000000000000e+02	1.643466507446226035e-02
4.930000000000000000e+02	1.680651868969950877e-02
4.980000000000000000e+02	1.752575711508373019e-02
5.030000000000000000e+02	1.883172722927494228e-02
5.080000000000000000e+02	2.103523320085857323e-02
5.130000000000000000e+02	2.444887070253747366e-02
5.180000000000000000e+02	2.911035411018155286e-02
5.230000000000000000e+02	3.438338559649587595e-02
5.280000000000000000e+02	3.907926429893735648e-02
5.330000000000000000e+02	4.233257686483593574e-02
5.380000000000000000e+02	4.413466730649578951e-02
5.430000000000000000e+02	4.507785154805014904e-02
5.480000000000000000e+02	4.579692579374886746e-02
5.530000000000000000e+02	4.620595812101605665e-02
5.590000000000000000e+02	4.545470779990622850e-02
5.640000000000000000e+02	4.356601025661406557e-02
5.690000000000000000e+02	4.073564461279876453e-02
5.750000000000000000e+02	3.704306429971804260e-02
5.800000000000000000e+02	3.456574924069099469e-02
5.860000000000000000e+02	3.244378830275236603e-02
5.920000000000000000e+02	3.107660842057639525e-02
5.970000000000000000e+02	3.034159456177066422e-02
6.030000000000000000e+02	2.938435843575905315e-02
6.090000000000000000e+02	2.783028578202909054e-02
6.150000000000000000e+02	2.595890349338611167e-02
6.210000000000000000e+02	2.449046638658891259e-02
6.270000000000000000e+02	2.375113873702193804e-02
6.330000000000000000e+02	2.316854827048530491e-02
6.390000000000000000e+02	2.178892489052514092e-02
6.450000000000000000e+02	1.983820495623670604e-02
6.520000000000000000e+02	1.813003231947291766e-02
6.580000000000000000e+02	1.702521358548045663e-02
6.650000000000000000e+02	1.574075637861031482e-02
6.710000000000000000e+02	1.515068369491805872e-02
6.780000000000000000e+02	1.509753933212639766e-02
6.850000000000000000e+02	1.687529387154828101e-02
6.910000000000000000e+02	2.434157697892183961e-02
6.980000000000000000e+02	4.677888104385333895e-02
7.050000000000000000e+02	8.196292288632031631e-02
7.120000000000000000e+02	1.231603376890231111e-01
7.190000000000000000e+02	1.690810429354090705e-01
7.260000000000000000e+02	2.180437825640347549e-01
7.330000000000000000e+02	2.644185033157443465e-01
7.400000000000000000e+02	3.016993587701000679e-01
7.480000000000000000e+02	3.295637518850626502e-01
7.550000000000000000e+02	3.452104276329414079e-01
7.620000000000000000e+02	3.584236064561172053e-01
7.700000000000000000e+02	3.704910169459302849e-01
7.770000000000000000e+02	3.769678946681418452e-01
7.850000000000000000e+02	3.799231710615624258e-01
7.930000000000000000e+02	3.814989856020712389e-01
8.000000000000000000e+02	3.827181588515251032e-01
8.080000000000000000e+02	3.839886278650712081e-01
8.160000000000000000e+02	3.849625894986697383e-01
8.230000000000000000e+02	3.855229637582259783e-01
8.310000000000000000e+02	3.856435499331372641e-01
8.390000000000000000e+02	3.857851207701558094e-01
8.470000000000000000e+02	3.862879197099136075e-01
8.550000000000000000e+02	3.867531244595102113e-01
8.630000000000000000e+02	3.870428240273186549e-01
8.710000000000000000e+02	3.872628673182710313e-01
8.790000000000000000e+02	3.872807289907824191e-01
8.870000000000000000e+02	3.872158989629739256e-01
8.950000000000000000e+02	3.870618672791434900e-01
9.030000000000000000e+02	3.867337845793085149e-01
9.110000000000000000e+02	3.861947376744311322e-01
9.200000000000000000e+02	3.849202143984450375e-01
9.280000000000000000e+02	3.824412963779388330e-01
9.360000000000000000e+02	3.781431571257066193e-01
9.440000000000000000e+02	3.713036006967702085e-01
9.520000000000000000e+02	3.604302994857069287e-01
9.610000000000000000e+02	3.488651046840530179e-01
9.690000000000000000e+02	3.451923610587563362e-01
9.770000000000000000e+02	3.447590958364387115e-01
9.850000000000000000e+02	3.464407556327135929e-01
9.050000000000000000e+02	3.866111322770606762e-01
9.140000000000000000e+02	3.858432524364339145e-01
9.240000000000000000e+02	3.837802831887597854e-01
9.340000000000000000e+02	3.792583932189994567e-01
9.440000000000000000e+02	3.709846950883861072e-01
9.540000000000000000e+02	3.575676310993454177e-01
9.650000000000000000e+02	3.468104056017585202e-01
9.750000000000000000e+02	3.448622754319924377e-01
9.860000000000000000e+02	3.469151507140090795e-01
9.960000000000000000e+02	3.508471722335119725e-01
1.007000000000000000e+03	3.570294832638663540e-01
1.018000000000000000e+03	3.649720160844004968e-01
1.029000000000000000e+03	3.713142348905679735e-01
1.040000000000000000e+03	3.760286942378053832e-01
1.051000000000000000e+03	3.796100002128282580e-01
1.063000000000000000e+03	3.817344083033468172e-01
1.074000000000000000e+03	3.821480552807420827e-01
1.085000000000000000e+03	3.810402246406287552e-01
1.097000000000000000e+03	3.782535000392638902e-01
1.109000000000000000e+03	3.745567033199474483e-01
1.120000000000000000e+03	3.699666221609724803e-01
1.132000000000000000e+03	3.548729853605962492e-01
1.144000000000000000e+03	3.213398150137021791e-01
1.155000000000000000e+03	2.945357874715479052e-01
1.167000000000000000e+03	2.846535024387282231e-01
1.179000000000000000e+03	2.818505789588601762e-01
1.191000000000000000e+03	2.798912572686584332e-01
1.203000000000000000e+03	2.799091572744773493e-01
1.215000000000000000e+03	2.819851992744324964e-01
1.227000000000000000e+03	2.845584623890110576e-01
1.239000000000000000e+03	2.870283615620629059e-01
1.251000000000000000e+03	2.893530648696965302e-01
1.263000000000000000e+03	2.905281441855481761e-01
1.275000000000000000e+03	2.886996454795660583e-01
1.287000000000000000e+03	2.828783411021943417e-01
1.299000000000000000e+03	2.730136080729007042e-01
1.311000000000000000e+03	2.572927841709822805e-01
1.323000000000000000e+03	2.360205462041902458e-01
1.335000000000000000e+03	2.117677572926191243e-01
1.347000000000000000e+03	1.887674370486637776e-01
1.359000000000000000e+03	1.692387385757837814e-01
1.370000000000000000e+03	1.476145883485695254e-01
1.382000000000000000e+03	1.073113032559835783e-01
1.394000000000000000e+03	6.364541137807662452e-02
1.406000000000000000e+03	3.857389526654591422e-02
1.418000000000000000e+03	2.888880959095390180e-02
1.430000000000000000e+03	2.534719034126027906e-02
1.441000000000000000e+03	2.412440281164078548e-02
1.453000000000000000e+03	2.397807212633339818e-02
1.465000000000000000e+03	2.512517236691897554e-02
1.476000000000000000e+03	2.780179858798586048e-02
1.488000000000000000e+03	3.218656497612183004e-02
1.499000000000000000e+03	3.746562510821675740e-02
1.511000000000000000e+03	4.432399511527081171e-02
1.522000000000000000e+03	5.141711204994553475e-02
1.534000000000000000e+03	5.973643475339263792e-02
1.545000000000000000e+03	6.772251191667057191e-02
1.556000000000000000e+03	7.545632298127756543e-02
1.568000000000000000e+03	8.334761793865717860e-02
1.579000000000000000e+03	9.041135144064504914e-02
1.590000000000000000e+03	9.723198991623197007e-02
1.601000000000000000e+03	1.034304952393102217e-01
1.612000000000000000e+03	1.084962983881293114e-01
1.623000000000000000e+03	1.128815464166629673e-01
1.634000000000000000e+03	1.165186675339683481e-01
1.645000000000000000e+03	1.195616610632954657e-01
1.656000000000000000e+03	1.216123094111861841e-01
1.667000000000000000e+03	1.221953895789568284e-01
1.678000000000000000e+03	1.221477378301227962e-01
1.689000000000000000e+03	1.211360166542246874e-01
1.699000000000000000e+03	1.193614785564206388e-01
1.710000000000000000e+03	1.161975187256771153e-01
1.721000000000000000e+03	1.124672480487248494e-01
1.731000000000000000e+03	1.086743669070118490e-01
1.742000000000000000e+03	1.037018411140773616e-01
1.752000000000000000e+03	9.803708927308001086e-02
1.762000000000000000e+03	9.221355002678709167e-02
1.773000000000000000e+03	8.759443530354198149e-02
1.783000000000000000e+03	8.511294360479450261e-02
1.793000000000000000e+03	8.381954468423709337e-02
1.804000000000000000e+03	8.394692534201927958e-02
1.814000000000000000e+03	8.377250563000727956e-02
1.824000000000000000e+03	8.292857076704958363e-02
1.834000000000000000e+03	8.011683491863894058e-02
1.844000000000000000e+03	7.383377345351367638e-02
1.854000000000000000e+03	6.309874736136077134e-02
1.864000000000000000e+03	4.669915318601314952e-02
1.874000000000000000e+03	2.824448446036176633e-02
1.884000000000000000e+03	1.541524706659846110e-02
1.893000000000000000e+03	1.104748526465271913e-02
1.903000000000000000e+03	1.019298572674249073e-02
1.913000000000000000e+03	1.005131797071857729e-02
1.922000000000000000e+03	9.904622059976176882e-03
1.932000000000000000e+03	9.751990008864225637e-03
1.942000000000000000e+03	9.678437597396684008e-03
1.951000000000000000e+03	9.657998169065125718e-03
1.961000000000000000e+03	9.673909992954745837e-03
1.970000000000000000e+03	9.725606742357220322e-03
1.979000000000000000e+03	9.836505306355953354e-03
1.989000000000000000e+03	1.004091448770271303e-02
1.998000000000000000e+03	1.029972240645035328e-02
2.007000000000000000e+03	1.068982351261639832e-02
2.016000000000000000e+03	1.118817631867135079e-02
2.026000000000000000e+03	1.186275790457758279e-02
2.035000000000000000e+03	1.259042045718327014e-02
2.044000000000000000e+03	1.347322282137197909e-02
2.053000000000000000e+03	1.441820216560110897e-02
2.062000000000000000e+03	1.550150702144236989e-02
2.071000000000000000e+03	1.674764279874755082e-02
2.080000000000000000e+03	1.808627182383093154e-02
2.089000000000000000e+03	1.953861066320336862e-02
2.098000000000000000e+03	2.109067741450703498e-02
2.106000000000000000e+03	2.251755353670968282e-02
2.115000000000000000e+03	2.408697419628795522e-02
2.124000000000000000e+03	2.567969281513075852e-02
2.133000000000000000e+03	2.719168428652044001e-02
2.141000000000000000e+03	2.839651659877045348e-02
2.150000000000000000e+03	2.964637486664379457e-02
2.159000000000000000e+03	3.077912545490565921e-02
2.167000000000000000e+03	3.163053290351051927e-02
2.176000000000000000e+03	3.249315323782316078e-02
2.184000000000000000e+03	3.327855736415070986e-02
2.193000000000000000e+03	3.390229983776361922e-02
2.201000000000000000e+03	3.411716724565077435e-02
2.209000000000000000e+03	3.424888124750707918e-02
2.218000000000000000e+03	3.421419035959420013e-02
2.226000000000000000e+03	3.390730694160416780e-02
2.234000000000000000e+03	3.328028305380191509e-02
2.243000000000000000e+03	3.210053741600424337e-02
2.251000000000000000e+03	3.076753474867012159e-02
2.259000000000000000e+03	2.935926892025183046e-02
2.267000000000000000e+03	2.793860506324794685e-02
2.275000000000000000e+03	2.656240461877325612e-02
2.283000000000000000e+03	2.521781882097817729e-02
2.291000000000000000e+03	2.377903829190154347e-02
2.299000000000000000e+03	2.240756530427119239e-02
2.307000000000000000e+03	2.113338178402025466e-02
2.315000000000000000e+03	1.995925309163847083e-02
2.323000000000000000e+03	1.883588423044770671e-02
2.331000000000000000e+03	1.770424686916376514e-02
2.339000000000000000e+03	1.659808917404200640e-02
2.347000000000000000e+03	1.558334947389183531e-02
2.355000000000000000e+03	1.466953407846612566e-02
2.363000000000000000e+03	1.380288921177531651e-02
2.370000000000000000e+03	1.308984505186377989e-02
2.378000000000000000e+03	1.234007451174457849e-02
2.386000000000000000e+03	1.165398789703855562e-02
2.393000000000000000e+03	1.111518716228817628e-02
2.401000000000000000e+03	1.057447128740935521e-02
2.409000000000000000e+03	1.007588393716481352e-02
2.416000000000000000e+03	9.669722240125022683e-03
2.424000000000000000e+03	9.255767007591949452e-03
2.431000000000000000e+03	8.942446357474011925e-03
2.439000000000000000e+03	8.634159366118285620e-03
